#Rev: sensefly/geoinfo/3
fileName	latitude	longitude	altitude_wgs84
DSC04252.JPG	24.3321977070	124.0795505211	181.7741699219	
DSC04253.JPG	24.3317888643	124.0794894990	180.7365264893	
DSC04254.JPG	24.3314019646	124.0793504707	180.5100708008	
DSC04255.JPG	24.3309986299	124.0792550246	180.0194244385	
DSC04256.JPG	24.3305986642	124.0791500907	182.0941314697	
DSC04257.JPG	24.3301880423	124.0790957333	181.4701995850	
DSC04258.JPG	24.3297855354	124.0789787326	181.3528747559	
DSC04259.JPG	24.3293752278	124.0788774782	181.8296203613	
DSC04260.JPG	24.3289656347	124.0787757969	182.6973114014	
DSC04261.JPG	24.3285689426	124.0786423338	183.4787750244	
DSC04262.JPG	24.3281473489	124.0785550484	181.7748413086	
DSC04263.JPG	24.3277481099	124.0784354894	179.9990539551	
DSC04264.JPG	24.3273467397	124.0783296855	180.9266662598	
DSC04265.JPG	24.3269372032	124.0782681358	179.7900238037	
DSC04266.JPG	24.3265480234	124.0781385122	181.1004180908	
DSC04267.JPG	24.3261242820	124.0780498186	180.5440673828	
DSC04268.JPG	24.3257453221	124.0779106109	180.5724334717	
DSC04269.JPG	24.3253272584	124.0778302252	180.0072479248	
DSC04270.JPG	24.3249259538	124.0777311986	179.6622772217	
DSC04271.JPG	24.3252597814	124.0786258884	179.1379852295	
DSC04272.JPG	24.3259506241	124.0787825196	180.6922149658	
DSC04273.JPG	24.3266174028	124.0789588676	182.0281677246	
DSC04274.JPG	24.3272907912	124.0791384522	183.2482299805	
DSC04275.JPG	24.3279608852	124.0793191507	183.0482635498	
DSC04276.JPG	24.3286347090	124.0794690663	182.4891510010	
DSC04277.JPG	24.3292886412	124.0796809395	183.3023071289	
DSC04278.JPG	24.3299628482	124.0798288477	183.3622131348	
DSC04279.JPG	24.3306159690	124.0799842120	183.7132110596	
DSC04280.JPG	24.3312664890	124.0801663594	184.0296936035	
DSC04281.JPG	24.3319404564	124.0803386467	183.5268707275	
DSC04282.JPG	24.3325804768	124.0805010843	185.8132324219	
DSC04283.JPG	24.3332001249	124.0806805027	186.1533050537	
DSC04284.JPG	24.3328871964	124.0813707825	183.5144653320	
DSC04285.JPG	24.3324507971	124.0812745152	181.1335906982	
DSC04286.JPG	24.3320395009	124.0811806412	180.3284149170	
DSC04287.JPG	24.3316282555	124.0810812895	181.4347229004	
DSC04288.JPG	24.3312422527	124.0809341878	181.6266632080	
DSC04289.JPG	24.3308211691	124.0808450658	179.3003387451	
DSC04290.JPG	24.3303953777	124.0807721494	180.6216583252	
DSC04291.JPG	24.3299794867	124.0806552009	179.6902465820	
DSC04292.JPG	24.3295619756	124.0805547159	180.8102722168	
DSC04293.JPG	24.3291594695	124.0804523367	179.2066192627	
DSC04294.JPG	24.3287443561	124.0803379149	179.1196746826	
DSC04295.JPG	24.3283323158	124.0802413958	179.7070465088	
DSC04296.JPG	24.3279174031	124.0801127738	179.1210937500	
DSC04297.JPG	24.3274999289	124.0800257925	177.3491363525	
DSC04298.JPG	24.3270731094	124.0799095113	179.8661804199	
DSC04299.JPG	24.3266649847	124.0797834929	178.9858093262	
DSC04300.JPG	24.3262536041	124.0796809617	181.5593414307	
DSC04301.JPG	24.3258388953	124.0795837642	182.1316680908	
DSC04302.JPG	24.3254123224	124.0794797394	180.8340911865	
DSC04303.JPG	24.3255063421	124.0802964310	179.9514312744	
DSC04304.JPG	24.3261418554	124.0804727344	181.1808319092	
DSC04305.JPG	24.3267847695	124.0806324380	181.4345092773	
DSC04306.JPG	24.3274513862	124.0807983033	180.9568176270	
DSC04307.JPG	24.3281111069	124.0809869866	182.9795532227	
DSC04308.JPG	24.3287568597	124.0811434928	183.0110778809	
DSC04309.JPG	24.3293959596	124.0813213642	182.6627655029	
DSC04310.JPG	24.3300476894	124.0814776441	182.7854766846	
DSC04311.JPG	24.3306870867	124.0816414053	183.4311065674	
DSC04312.JPG	24.3313250131	124.0818037601	183.1054992676	
DSC04313.JPG	24.3319788501	124.0819816157	182.8911132812	
DSC04314.JPG	24.3326256591	124.0821510413	182.8348846436	
DSC04315.JPG	24.3332522779	124.0823036334	182.9941406250	
DSC04316.JPG	24.3330450572	124.0830744173	184.1044158936	
DSC04317.JPG	24.3326253896	124.0829154946	182.2402191162	
DSC04318.JPG	24.3322121958	124.0828615719	184.4096069336	
DSC04319.JPG	24.3317626603	124.0827444347	182.8862152100	
DSC04320.JPG	24.3313701884	124.0826368267	183.7621612549	
DSC04321.JPG	24.3309771971	124.0825343957	179.6027832031	
DSC04322.JPG	24.3305636550	124.0824351640	180.8944244385	
DSC04323.JPG	24.3301538373	124.0823303971	182.6403961182	
DSC04324.JPG	24.3297576019	124.0822248368	180.9795684814	
DSC04325.JPG	24.3293543323	124.0821243806	177.8319702148	
DSC04326.JPG	24.3289016198	124.0820265186	179.2611083984	
DSC04327.JPG	24.3285025137	124.0818488193	183.6518554688	
DSC04328.JPG	24.3281056855	124.0817941036	183.4489898682	
DSC04329.JPG	24.3276989539	124.0816939382	182.3000793457	
DSC04330.JPG	24.3272930463	124.0815901718	180.3538055420	
DSC04331.JPG	24.3268871838	124.0814916028	179.2734222412	
DSC04332.JPG	24.3264854226	124.0813819336	179.5770568848	
DSC04333.JPG	24.3260886118	124.0812693638	179.7805175781	
DSC04334.JPG	24.3256827875	124.0811761291	181.3179321289	
DSC04335.JPG	24.3252797500	124.0810729644	180.1159515381	
DSC04336.JPG	24.3248796296	124.0809828969	181.6711730957	
DSC04337.JPG	24.3253176117	124.0818813736	179.3456115723	
DSC04338.JPG	24.3259885080	124.0820540261	181.1293487549	
DSC04339.JPG	24.3266508145	124.0822381913	182.6511688232	
DSC04340.JPG	24.3273135601	124.0824049358	182.5879211426	
DSC04341.JPG	24.3279910967	124.0825723636	182.9259490967	
DSC04342.JPG	24.3286688219	124.0827449155	183.6533660889	
DSC04343.JPG	24.3293322720	124.0829310188	183.3025360107	
DSC04344.JPG	24.3300029179	124.0830836060	183.5887145996	
DSC04345.JPG	24.3306663520	124.0832673125	183.0722351074	
DSC04346.JPG	24.3313351470	124.0834307456	183.6831512451	
DSC04347.JPG	24.3320236754	124.0836149757	182.9960021973	
DSC04348.JPG	24.3326843882	124.0837899957	183.1921386719	
DSC04349.JPG	24.3333356939	124.0839485410	184.7824096680	
DSC04350.JPG	24.3339749904	124.0841252619	184.3580169678	
DSC04351.JPG	24.3335735003	124.0848221016	180.5434265137	
DSC04352.JPG	24.3331530826	124.0847241636	182.0148468018	
DSC04353.JPG	24.3327315768	124.0845969863	181.6605834961	
DSC04354.JPG	24.3323289992	124.0844978055	181.9278717041	
DSC04355.JPG	24.3319070076	124.0844207410	180.0739746094	
DSC04356.JPG	24.3314937782	124.0843034239	180.4819793701	
DSC04357.JPG	24.3310690307	124.0841927767	180.1437072754	
DSC04358.JPG	24.3306626940	124.0840940204	181.4360809326	
DSC04359.JPG	24.3302512152	124.0839860581	178.8087921143	
DSC04360.JPG	24.3298405821	124.0838758597	180.7790985107	
DSC04361.JPG	24.3294263241	124.0837768752	179.5473175049	
DSC04362.JPG	24.3289975432	124.0836568070	179.9366455078	
DSC04363.JPG	24.3285747426	124.0835710747	180.8491668701	
DSC04364.JPG	24.3281679990	124.0834426543	180.4391784668	
DSC04365.JPG	24.3277636674	124.0833181353	180.9714355469	
DSC04366.JPG	24.3273381598	124.0832491573	181.4295959473	
DSC04367.JPG	24.3269301598	124.0831267687	181.7610931396	
DSC04368.JPG	24.3265036264	124.0830432578	182.1824645996	
DSC04369.JPG	24.3260893774	124.0829157034	179.8585510254	
DSC04370.JPG	24.3256741782	124.0827979312	180.3570861816	
DSC04371.JPG	24.3252496256	124.0826875373	179.7698211670	
DSC04372.JPG	24.3253553556	124.0835291175	178.0411529541	
DSC04373.JPG	24.3260210596	124.0836993682	179.3026428223	
DSC04374.JPG	24.3266803163	124.0838571366	180.4179077148	
DSC04375.JPG	24.3273276089	124.0840394072	181.6324920654	
DSC04376.JPG	24.3279727760	124.0841918004	181.9276580811	
DSC04377.JPG	24.3285998907	124.0843598063	181.9618377686	
DSC04378.JPG	24.3292213043	124.0845177825	182.2123413086	
DSC04379.JPG	24.3298531595	124.0846750364	182.1337738037	
DSC04380.JPG	24.3304872638	124.0848492959	182.7129058838	
DSC04381.JPG	24.3311247268	124.0850017630	182.5962677002	
DSC04382.JPG	24.3317751058	124.0851708684	182.6062622070	
DSC04383.JPG	24.3324176762	124.0853461288	184.4369964600	
DSC04384.JPG	24.3330685291	124.0855252627	184.4492950439	
DSC04385.JPG	24.3329228501	124.0863471363	183.4960327148	
DSC04386.JPG	24.3325295113	124.0862136119	183.3659515381	
DSC04387.JPG	24.3321325730	124.0860789620	181.2391357422	
DSC04388.JPG	24.3317131547	124.0860257169	179.5751495361	
DSC04389.JPG	24.3312816422	124.0859339710	180.2485198975	
DSC04390.JPG	24.3308844920	124.0858180015	179.8161468506	
DSC04391.JPG	24.3304736747	124.0857502904	179.8479156494	
DSC04392.JPG	24.3300697022	124.0856605295	180.8040313721	
DSC04393.JPG	24.3296594716	124.0855663157	179.5514526367	
DSC04394.JPG	24.3292388572	124.0854433927	181.3695983887	
DSC04395.JPG	24.3288146459	124.0853567701	182.9472961426	
DSC04396.JPG	24.3284051819	124.0852537834	182.0863037109	
DSC04397.JPG	24.3279837623	124.0851793282	181.9294281006	
DSC04398.JPG	24.3275819873	124.0850424662	181.3157348633	
DSC04399.JPG	24.3271820820	124.0850014786	181.6963043213	
DSC04400.JPG	24.3267851610	124.0848840326	181.6562042236	
DSC04401.JPG	24.3263830078	124.0848066397	182.0028839111	
DSC04402.JPG	24.3259670328	124.0847011106	181.2982635498	
DSC04403.JPG	24.3255641367	124.0846025626	180.8858337402	
DSC04404.JPG	24.3251557706	124.0844912593	180.6267089844	
DSC04405.JPG	24.3247476012	124.0844441279	181.9423370361	
DSC04406.JPG	24.3243213499	124.0843260311	181.7009735107	
